0.000000000000000000e+00
0.000000000000000000e+00
0.000000000000000000e+00
0.000000000000000000e+00
3.370000000000000000e+03
3.360000000000000000e+03
3.360000000000000000e+03
3.320000000000000000e+03
3.230000000000000000e+03
3.240000000000000000e+03
3.370000000000000000e+03
3.370000000000000000e+03
3.360000000000000000e+03
3.340000000000000000e+03
3.240000000000000000e+03
3.140000000000000000e+03
3.030000000000000000e+03
3.360000000000000000e+03
3.370000000000000000e+03
3.370000000000000000e+03
3.360000000000000000e+03
3.360000000000000000e+03
3.300000000000000000e+03
3.210000000000000000e+03
3.110000000000000000e+03
3.190000000000000000e+03
3.370000000000000000e+03
3.370000000000000000e+03
3.370000000000000000e+03
3.360000000000000000e+03
3.360000000000000000e+03
3.280000000000000000e+03
3.290000000000000000e+03
3.360000000000000000e+03
3.310000000000000000e+03
3.200000000000000000e+03
3.090000000000000000e+03
2.990000000000000000e+03
3.330000000000000000e+03
3.260000000000000000e+03
3.200000000000000000e+03
3.370000000000000000e+03
3.370000000000000000e+03
3.370000000000000000e+03
3.370000000000000000e+03
3.300000000000000000e+03
3.200000000000000000e+03
3.110000000000000000e+03
3.020000000000000000e+03
3.370000000000000000e+03
3.320000000000000000e+03
3.220000000000000000e+03
3.370000000000000000e+03
3.370000000000000000e+03
3.280000000000000000e+03
3.370000000000000000e+03
3.370000000000000000e+03
3.360000000000000000e+03
3.360000000000000000e+03
3.380000000000000000e+03
3.380000000000000000e+03
3.380000000000000000e+03
3.380000000000000000e+03
3.070000000000000000e+03
2.970000000000000000e+03
3.360000000000000000e+03
3.330000000000000000e+03
3.230000000000000000e+03
3.360000000000000000e+03
3.360000000000000000e+03
3.280000000000000000e+03
3.180000000000000000e+03
3.060000000000000000e+03
2.960000000000000000e+03
2.840000000000000000e+03
3.270000000000000000e+03
2.640000000000000000e+03
3.380000000000000000e+03
3.380000000000000000e+03
3.320000000000000000e+03
3.220000000000000000e+03
3.130000000000000000e+03
3.040000000000000000e+03
2.940000000000000000e+03
3.110000000000000000e+03
3.350000000000000000e+03
3.320000000000000000e+03
3.230000000000000000e+03
3.340000000000000000e+03
3.340000000000000000e+03
3.370000000000000000e+03
3.370000000000000000e+03
3.270000000000000000e+03
3.370000000000000000e+03
3.370000000000000000e+03
3.340000000000000000e+03
3.340000000000000000e+03
3.280000000000000000e+03
3.180000000000000000e+03
3.360000000000000000e+03
3.340000000000000000e+03
3.250000000000000000e+03
3.350000000000000000e+03
3.350000000000000000e+03
3.360000000000000000e+03
3.360000000000000000e+03
3.290000000000000000e+03
3.200000000000000000e+03
3.290000000000000000e+03
3.360000000000000000e+03
3.360000000000000000e+03
3.260000000000000000e+03
3.160000000000000000e+03
3.070000000000000000e+03
3.080000000000000000e+03
2.870000000000000000e+03
3.360000000000000000e+03
3.340000000000000000e+03
3.210000000000000000e+03
3.360000000000000000e+03
3.360000000000000000e+03
3.360000000000000000e+03
3.350000000000000000e+03
3.350000000000000000e+03
3.330000000000000000e+03
3.330000000000000000e+03
3.200000000000000000e+03
3.070000000000000000e+03
3.360000000000000000e+03
3.320000000000000000e+03
3.210000000000000000e+03
3.350000000000000000e+03
3.340000000000000000e+03
3.240000000000000000e+03
3.140000000000000000e+03
3.040000000000000000e+03
2.940000000000000000e+03
3.210000000000000000e+03
2.740000000000000000e+03
3.330000000000000000e+03
2.540000000000000000e+03
3.370000000000000000e+03
3.370000000000000000e+03
3.300000000000000000e+03
3.370000000000000000e+03
3.370000000000000000e+03
3.330000000000000000e+03
3.240000000000000000e+03
3.360000000000000000e+03
3.360000000000000000e+03
3.270000000000000000e+03
3.170000000000000000e+03
3.070000000000000000e+03
2.970000000000000000e+03
2.870000000000000000e+03
3.310000000000000000e+03
2.790000000000000000e+03
2.580000000000000000e+03
2.480000000000000000e+03
2.380000000000000000e+03
2.280000000000000000e+03
2.190000000000000000e+03
3.350000000000000000e+03
3.350000000000000000e+03
3.270000000000000000e+03
3.360000000000000000e+03
3.360000000000000000e+03
3.290000000000000000e+03
3.190000000000000000e+03
3.360000000000000000e+03
3.350000000000000000e+03
3.360000000000000000e+03
3.330000000000000000e+03
3.330000000000000000e+03
3.180000000000000000e+03
3.040000000000000000e+03
2.920000000000000000e+03
2.900000000000000000e+03
2.750000000000000000e+03
2.750000000000000000e+03
2.610000000000000000e+03
2.910000000000000000e+03
2.400000000000000000e+03
2.720000000000000000e+03
3.360000000000000000e+03
3.360000000000000000e+03
3.300000000000000000e+03
3.210000000000000000e+03
3.360000000000000000e+03
3.320000000000000000e+03
3.220000000000000000e+03
3.360000000000000000e+03
3.360000000000000000e+03
3.340000000000000000e+03
3.300000000000000000e+03
3.210000000000000000e+03
3.360000000000000000e+03
3.360000000000000000e+03
3.270000000000000000e+03
3.190000000000000000e+03
3.060000000000000000e+03
3.360000000000000000e+03
3.360000000000000000e+03
3.280000000000000000e+03
3.180000000000000000e+03
3.070000000000000000e+03
2.960000000000000000e+03
3.360000000000000000e+03
3.360000000000000000e+03
3.360000000000000000e+03
3.300000000000000000e+03
3.200000000000000000e+03
3.350000000000000000e+03
3.350000000000000000e+03
3.250000000000000000e+03
3.150000000000000000e+03
3.050000000000000000e+03
3.360000000000000000e+03
3.360000000000000000e+03
3.270000000000000000e+03
3.280000000000000000e+03
3.080000000000000000e+03
2.990000000000000000e+03
2.890000000000000000e+03
2.800000000000000000e+03
2.710000000000000000e+03
2.620000000000000000e+03
2.760000000000000000e+03
2.430000000000000000e+03
3.360000000000000000e+03
3.360000000000000000e+03
3.370000000000000000e+03
3.350000000000000000e+03
3.360000000000000000e+03
3.360000000000000000e+03
3.360000000000000000e+03
3.280000000000000000e+03
3.180000000000000000e+03
3.100000000000000000e+03
3.020000000000000000e+03
3.020000000000000000e+03
2.940000000000000000e+03
2.860000000000000000e+03
3.380000000000000000e+03
2.690000000000000000e+03
2.590000000000000000e+03
2.490000000000000000e+03
2.410000000000000000e+03
3.360000000000000000e+03
3.360000000000000000e+03
3.300000000000000000e+03
3.200000000000000000e+03
3.380000000000000000e+03
3.330000000000000000e+03
3.220000000000000000e+03
3.360000000000000000e+03
3.360000000000000000e+03
3.370000000000000000e+03
3.330000000000000000e+03
3.230000000000000000e+03
3.370000000000000000e+03
3.370000000000000000e+03
3.370000000000000000e+03
3.370000000000000000e+03
3.280000000000000000e+03
3.180000000000000000e+03
3.090000000000000000e+03
3.000000000000000000e+03
2.910000000000000000e+03
2.910000000000000000e+03
2.830000000000000000e+03
3.360000000000000000e+03
3.360000000000000000e+03
3.360000000000000000e+03
3.340000000000000000e+03
3.250000000000000000e+03
3.360000000000000000e+03
3.360000000000000000e+03
3.350000000000000000e+03
3.350000000000000000e+03
3.280000000000000000e+03
3.170000000000000000e+03
3.360000000000000000e+03
3.350000000000000000e+03
3.250000000000000000e+03
3.140000000000000000e+03
3.360000000000000000e+03
2.940000000000000000e+03
2.840000000000000000e+03
2.740000000000000000e+03
3.360000000000000000e+03
3.360000000000000000e+03
3.300000000000000000e+03
3.210000000000000000e+03
3.360000000000000000e+03
3.360000000000000000e+03
3.360000000000000000e+03
3.310000000000000000e+03
3.220000000000000000e+03
3.120000000000000000e+03
3.030000000000000000e+03
2.940000000000000000e+03
3.360000000000000000e+03
3.350000000000000000e+03
3.290000000000000000e+03
3.190000000000000000e+03
3.090000000000000000e+03
2.990000000000000000e+03
3.370000000000000000e+03
3.340000000000000000e+03
3.240000000000000000e+03
3.360000000000000000e+03
3.360000000000000000e+03
3.360000000000000000e+03
3.350000000000000000e+03
3.250000000000000000e+03
3.360000000000000000e+03
3.360000000000000000e+03
3.370000000000000000e+03
3.340000000000000000e+03
3.250000000000000000e+03
3.360000000000000000e+03
3.360000000000000000e+03
3.330000000000000000e+03
3.340000000000000000e+03
3.360000000000000000e+03
3.340000000000000000e+03
3.240000000000000000e+03
3.140000000000000000e+03
3.040000000000000000e+03
3.350000000000000000e+03
3.350000000000000000e+03
3.270000000000000000e+03
3.180000000000000000e+03
3.080000000000000000e+03
3.360000000000000000e+03
3.360000000000000000e+03
3.380000000000000000e+03
3.370000000000000000e+03
3.270000000000000000e+03
3.360000000000000000e+03
3.360000000000000000e+03
3.360000000000000000e+03
3.360000000000000000e+03
3.280000000000000000e+03
3.380000000000000000e+03
3.380000000000000000e+03
3.310000000000000000e+03
3.220000000000000000e+03
3.370000000000000000e+03
3.360000000000000000e+03
3.370000000000000000e+03
3.340000000000000000e+03
3.240000000000000000e+03
3.360000000000000000e+03
3.360000000000000000e+03
3.380000000000000000e+03
3.360000000000000000e+03
3.360000000000000000e+03
3.300000000000000000e+03
3.200000000000000000e+03
3.370000000000000000e+03
3.350000000000000000e+03
3.250000000000000000e+03
3.150000000000000000e+03
3.060000000000000000e+03
2.960000000000000000e+03
2.860000000000000000e+03
2.800000000000000000e+03
3.360000000000000000e+03
3.360000000000000000e+03
3.360000000000000000e+03
3.350000000000000000e+03
3.270000000000000000e+03
3.360000000000000000e+03
3.360000000000000000e+03
3.260000000000000000e+03
3.160000000000000000e+03
3.350000000000000000e+03
2.960000000000000000e+03
2.860000000000000000e+03
2.760000000000000000e+03
2.710000000000000000e+03
2.710000000000000000e+03
2.800000000000000000e+03
3.230000000000000000e+03
2.620000000000000000e+03
2.550000000000000000e+03
3.360000000000000000e+03
3.350000000000000000e+03
3.250000000000000000e+03
3.350000000000000000e+03
3.350000000000000000e+03
3.290000000000000000e+03
3.150000000000000000e+03
3.370000000000000000e+03
3.370000000000000000e+03
3.380000000000000000e+03
3.360000000000000000e+03
3.360000000000000000e+03
3.310000000000000000e+03
3.350000000000000000e+03
3.120000000000000000e+03
3.370000000000000000e+03
3.370000000000000000e+03
3.360000000000000000e+03
3.360000000000000000e+03
3.260000000000000000e+03
3.360000000000000000e+03
3.360000000000000000e+03
3.300000000000000000e+03
3.210000000000000000e+03
3.360000000000000000e+03
3.360000000000000000e+03
3.260000000000000000e+03
3.370000000000000000e+03
3.370000000000000000e+03
3.360000000000000000e+03
3.350000000000000000e+03
3.250000000000000000e+03
3.150000000000000000e+03
3.050000000000000000e+03
2.950000000000000000e+03
3.160000000000000000e+03
2.750000000000000000e+03
2.650000000000000000e+03
2.560000000000000000e+03
2.460000000000000000e+03
2.360000000000000000e+03
2.260000000000000000e+03
2.200000000000000000e+03
3.380000000000000000e+03
3.320000000000000000e+03
3.320000000000000000e+03
3.370000000000000000e+03
3.330000000000000000e+03
3.300000000000000000e+03
3.230000000000000000e+03
3.160000000000000000e+03
3.010000000000000000e+03
3.370000000000000000e+03
3.370000000000000000e+03
3.380000000000000000e+03
3.340000000000000000e+03
3.240000000000000000e+03
3.360000000000000000e+03
3.360000000000000000e+03
3.310000000000000000e+03
3.210000000000000000e+03
3.120000000000000000e+03
3.360000000000000000e+03
3.360000000000000000e+03
3.290000000000000000e+03
3.200000000000000000e+03
3.370000000000000000e+03
3.350000000000000000e+03
3.350000000000000000e+03
3.350000000000000000e+03
3.350000000000000000e+03
3.370000000000000000e+03
3.330000000000000000e+03
3.230000000000000000e+03
3.130000000000000000e+03
3.030000000000000000e+03
2.940000000000000000e+03
2.840000000000000000e+03
2.750000000000000000e+03
3.370000000000000000e+03
3.350000000000000000e+03
3.340000000000000000e+03
3.280000000000000000e+03
3.160000000000000000e+03
3.070000000000000000e+03
2.960000000000000000e+03
2.860000000000000000e+03
2.960000000000000000e+03
3.370000000000000000e+03
3.360000000000000000e+03
3.360000000000000000e+03
3.300000000000000000e+03
3.210000000000000000e+03
3.110000000000000000e+03
3.020000000000000000e+03
3.380000000000000000e+03
3.330000000000000000e+03
3.340000000000000000e+03
3.360000000000000000e+03
3.360000000000000000e+03
3.360000000000000000e+03
3.350000000000000000e+03
3.260000000000000000e+03
3.370000000000000000e+03
3.370000000000000000e+03
3.360000000000000000e+03
3.340000000000000000e+03
3.230000000000000000e+03
3.130000000000000000e+03
3.030000000000000000e+03
2.930000000000000000e+03
3.360000000000000000e+03
3.360000000000000000e+03
3.360000000000000000e+03
3.360000000000000000e+03
3.260000000000000000e+03
3.150000000000000000e+03
3.370000000000000000e+03
3.340000000000000000e+03
3.250000000000000000e+03
3.370000000000000000e+03
3.370000000000000000e+03
3.380000000000000000e+03
3.360000000000000000e+03
3.370000000000000000e+03
3.310000000000000000e+03
3.200000000000000000e+03
3.310000000000000000e+03
3.000000000000000000e+03
2.890000000000000000e+03
2.790000000000000000e+03
2.700000000000000000e+03
3.360000000000000000e+03
3.360000000000000000e+03
3.360000000000000000e+03
3.360000000000000000e+03
3.270000000000000000e+03
3.180000000000000000e+03
3.090000000000000000e+03
3.000000000000000000e+03
2.910000000000000000e+03
2.970000000000000000e+03
2.830000000000000000e+03
3.380000000000000000e+03
3.360000000000000000e+03
3.360000000000000000e+03
3.360000000000000000e+03
3.360000000000000000e+03
3.360000000000000000e+03
3.350000000000000000e+03
3.340000000000000000e+03
3.270000000000000000e+03
3.360000000000000000e+03
3.360000000000000000e+03
3.310000000000000000e+03
3.200000000000000000e+03
3.370000000000000000e+03
3.360000000000000000e+03
3.370000000000000000e+03
3.350000000000000000e+03
3.250000000000000000e+03
3.150000000000000000e+03
3.050000000000000000e+03
2.950000000000000000e+03
2.850000000000000000e+03
2.750000000000000000e+03
2.700000000000000000e+03
3.370000000000000000e+03
3.370000000000000000e+03
3.290000000000000000e+03
3.190000000000000000e+03
3.330000000000000000e+03
3.330000000000000000e+03
3.370000000000000000e+03
3.380000000000000000e+03
3.380000000000000000e+03
3.360000000000000000e+03
3.360000000000000000e+03
3.380000000000000000e+03
3.330000000000000000e+03
3.230000000000000000e+03
3.140000000000000000e+03
3.360000000000000000e+03
3.360000000000000000e+03
3.360000000000000000e+03
3.350000000000000000e+03
3.260000000000000000e+03
3.170000000000000000e+03
3.080000000000000000e+03
3.090000000000000000e+03
2.890000000000000000e+03
2.800000000000000000e+03
2.970000000000000000e+03
2.620000000000000000e+03
2.520000000000000000e+03
3.010000000000000000e+03
2.460000000000000000e+03
2.460000000000000000e+03
3.360000000000000000e+03
3.360000000000000000e+03
3.270000000000000000e+03
3.180000000000000000e+03
3.090000000000000000e+03
3.000000000000000000e+03
2.900000000000000000e+03
2.820000000000000000e+03
3.140000000000000000e+03
2.650000000000000000e+03
2.570000000000000000e+03
2.510000000000000000e+03
3.340000000000000000e+03
3.330000000000000000e+03
3.340000000000000000e+03
3.360000000000000000e+03
3.350000000000000000e+03
3.260000000000000000e+03
3.160000000000000000e+03
3.070000000000000000e+03
3.360000000000000000e+03
3.350000000000000000e+03
3.250000000000000000e+03
3.150000000000000000e+03
3.050000000000000000e+03
2.950000000000000000e+03
2.850000000000000000e+03
3.370000000000000000e+03
3.360000000000000000e+03
3.360000000000000000e+03
3.300000000000000000e+03
3.210000000000000000e+03
3.110000000000000000e+03
3.020000000000000000e+03
3.370000000000000000e+03
3.310000000000000000e+03
3.220000000000000000e+03
3.370000000000000000e+03
3.360000000000000000e+03
3.370000000000000000e+03
3.360000000000000000e+03
3.360000000000000000e+03
3.260000000000000000e+03
3.360000000000000000e+03
3.360000000000000000e+03
3.300000000000000000e+03
3.210000000000000000e+03
3.120000000000000000e+03
3.030000000000000000e+03
3.180000000000000000e+03
2.950000000000000000e+03
2.860000000000000000e+03
2.710000000000000000e+03
3.370000000000000000e+03
3.370000000000000000e+03
3.360000000000000000e+03
3.360000000000000000e+03
3.350000000000000000e+03
3.310000000000000000e+03
3.350000000000000000e+03
3.110000000000000000e+03
3.030000000000000000e+03
2.900000000000000000e+03
2.830000000000000000e+03
2.730000000000000000e+03
2.630000000000000000e+03
2.770000000000000000e+03
3.360000000000000000e+03
3.360000000000000000e+03
3.360000000000000000e+03
3.360000000000000000e+03
3.270000000000000000e+03
3.370000000000000000e+03
3.370000000000000000e+03
3.290000000000000000e+03
3.210000000000000000e+03
3.130000000000000000e+03
3.130000000000000000e+03
3.230000000000000000e+03
3.350000000000000000e+03
3.350000000000000000e+03
3.250000000000000000e+03
3.150000000000000000e+03
3.030000000000000000e+03
2.940000000000000000e+03
2.850000000000000000e+03
2.750000000000000000e+03
2.650000000000000000e+03
2.620000000000000000e+03
3.380000000000000000e+03
3.380000000000000000e+03
3.310000000000000000e+03
3.210000000000000000e+03
3.120000000000000000e+03
3.050000000000000000e+03
3.050000000000000000e+03
2.970000000000000000e+03
3.360000000000000000e+03
3.370000000000000000e+03
3.370000000000000000e+03
3.270000000000000000e+03
3.360000000000000000e+03
3.360000000000000000e+03
3.310000000000000000e+03
3.220000000000000000e+03
3.120000000000000000e+03
3.360000000000000000e+03
3.360000000000000000e+03
3.310000000000000000e+03
3.210000000000000000e+03
3.360000000000000000e+03
3.360000000000000000e+03
3.360000000000000000e+03
3.320000000000000000e+03
3.220000000000000000e+03
3.230000000000000000e+03
3.010000000000000000e+03
2.910000000000000000e+03
3.350000000000000000e+03
3.350000000000000000e+03
3.330000000000000000e+03
3.330000000000000000e+03
3.230000000000000000e+03
3.350000000000000000e+03
3.350000000000000000e+03
3.280000000000000000e+03
3.200000000000000000e+03
3.300000000000000000e+03
2.980000000000000000e+03
3.360000000000000000e+03
3.360000000000000000e+03
3.360000000000000000e+03
3.360000000000000000e+03
3.360000000000000000e+03
